$ANSIBLE_VAULT;1.1;AES256
36643033623263353330346162343964383138613330363665303164343361386639633366643364
3531633366373337643566323834343537653765623138360a303035613834303531656631303061
36623665306634666265653435356534646637353431643737393630623134643433396539393463
3363366333643662300a663134666130303865383061623064643837656265306239666138303132
34623135643737343361623832363639663238383332316466646566323466343561616465653436
36303065663339623035333531323361323864323031613435663230373237363564333862346233
66383739613366373262356436396231656261333964313433633630643938373836616564363939
39656432336439356634393764346534636233623834333735306662313863396166396663343763
61656637363862643638353636356136386663396366633865643139366538363136623037353361
37353063646633363138356163303637396535616663326538316338363962393165636432623566
62353331613266343637383934623330376232303966363263333634626361303431313832616334
66323863653734396361636536633334623065316461373732336464373066306537386432316130
33643765383338336462323164353764663366306139643066323563393639356433303232613830
39653465633036393430626665386265666166353961356634636533656436323533616264373866
31376463303636373362626661303936626137633262366662656237333135633964663834613232
62306233353237353831343331303334363331323562633632396162356164613066326536393965
64396665666336303337623137353462343865643463343064656563623834333064633432636636
39343135646236656339633139623839663139346163396636643861393235333837356564316238
31376631306561303833626533656161303338363263326433316536356634616237373439376463
37343366653735313763393235356663363034346563376536653463396639666534373366663731
38303939613239623834353865353030363661356664353830313438363830363233626563316463
35383738346137383162356138653936626566353766343663346235336261336365333436343364
30393361656432623533393536393662656139646334383330363938333633616664303932663463
36366666393934333337356337363239646561613761613063383066636330316339666532383135
62623230323732343965393761376630653236373565623266376238643134356261626534343764
33313333373936353234303232373965353639613863363366313036363736633532666632646134
39666463376264633038613361393437303161343364383833383037613234656565626565346230
65613163636333373730313963326230633464373764373165346238656631353930666330376563
39313465343232616434663938373161343833326535376535313864326532636336353461633938
36616133383236383433643266346230656362303036363932383863373137306233333830303833
65653130633032636233666536303933366230303236396461316265383330346665663763326233
64363364323333396232663661646438613239663063616133323335313365366334343234303134
30663961386435636333646639323239343038323562666362313536646132353939636639636433
34363762643231343839363135386432653435373530343630323738666133356565663237623665
63663563353039653730393235393534393665333235343461363431653137356665393832303338
62316130363461666535333037643662663363366130623664316163383962663934313037373033
38323963353230353366636433393463663762616662616663643362313263363863336436313964
64383764633838376431323739396434306636353434346564636634303836336664346232653431
61326434323562386562383834613232366134636536383535306138353761626638353033643262
38366436396266336234316338666337313739633865613133313139393736633735633336663162
34393739326231353635373063326235363464316532333531626332346363393937326638346465
38356330643438393866386433666466393731646130346136333163333733386332396333306531
35313936323935643362383636393937396534653166316166643732303631316234646537313639
32336430383339366131643330316232663235663938326632346239656231373761333232666236
31353463353562306661666333383034643866663835643666643162663534633765396564633234
31373961653736616362633064306461383361653131326332623536393938663436326330643135
31333433343366633862333066303066333938353862386336393638613765316165616132353366
64636532386533623332396434636431346439363337303537306439353365366566323138626438
30353961326165396133303465636331366563666435316265636137393030383731303232326163
35333865626530363930386261363062393466326132306131343632373636333563663437386331
32616238373734626533366532646665633738383133336132373237643766376231363536303832
36396435663561303166306233653131613830613138666338333431313362363362643933386130
35326237613536653031633061363936393331346262616432636631373833353662356666643565
61643866616434306461653933623064633735383530373466393762323130333838626537396639
35373666653232376534393636626330616233643632323762383862313565386438653964633764
63616138333461336339626264663530666537336138366665383966316562303763666465386637
30636462373231613564323936316335313166646164316231346632353735613432616462313063
65633563666237353533633461393665373362333632613465373030343862613032313835353065
32613663383436633035396531353536316161333364346166646330386334363134666531306665
37306566353863636330343034616338303961623637396431393064316332373532373765353961
37383239646531323432623436386433353935656365663236393734393961313431616531356530
39613736636266373764646336643533623533323630643637386464333263623266316533653263
66626130613936373865363863663137323439343266336564653535353136393063306263366562
63613331353266653262323237333163376438656136666435353032653939663265376236633634
36663336313861373663383966336461396634663434393263303964646539653766316565666432
37626466333936376132626666333762663336663235343663613663386263613431393033303136
66323862616531313364626133366431313034616530663833656236343562366436323133303130
36636237313365303361303137376132303838386332373764323935666531386439633237366563
38356663353737633036626237363130393438383964623662613033323438633235333236656236
32643264323030353333613933303531306530313239663365353432333238643935376638613734
35363634323239303432613534616165333262396135663838353861666431323531336532616331
33306635373632343866386635346363383337653031623864303738303564393135316161613739
34656238656439653436343136386232623361653539396339373537366437316134313131366561
38386463333730363333303230316238383036356562616632376330333165383031363734626134
61353163643730656536366632363739633962303762623063626436353464643830323763623936
61663861336265626431306365323039353966393930653466643930646230663333333736303737
35323465316639363336646335396230303931636161656537323233373739363661363538623633
36346462386134323564663730396463383630666538646636316366393838643436333466323132
38663437613730636439346532346230643531343833356165353961636137656433653433343964
33356564623532613864616266306138346163613432616637323132613363316665313664346561
35396162383137306564383964363636396362393434663466396663343661663330663663643136
39383537323934303233376363623736346263323432366134623931636231333634333638336236
30616561636163323661643139623763323162353834353466626462313665356330646237373961
39316237666565623430313461326537393264626465363131333734393063343130326431663637
63663534346664643766643364633866353030363364613836333864623833326332613265666431
32336239306163626139626437313432386535386633366332646166633966663165323161653164
35383938316232306436326130653732386464333032336531306639633435323939646337663336
35613532623031373864306239623539373164623935663066613739313164666661626465376139
32393363626637353837386563313639643235633538396239613835633833393337353631626364
34303433323864623466613639323962306262373134303531646538656161653236623361333731
35383136623266613863323364616338343837313561343931316630656463643139643766656262
35373338633430373931323565323962303738383361643534393833613637303031613161633432
36613135643836346533626363316534376231663465326365313832366332306164343832383666
62666333346261366236643633316164363335366430356461303861326163313964623736303266
38396437383437623032323431386364656235343230366634363935626439363962613265323235
33643566643332353062633966616131316337633066353539333862636166656265626264326461
36363134653035623362373339303937393662376537376162306430373065643634343333663334
63653233666339326664396234313539383232663633316430643231643464626537343534656632
66326633333134373161306434666635306431623161343065643136633062663032323131383339
64343533656538346264646365356363303233313765303831646361323863303561386234653066
31303238376562363838366338353261626463386532646164396234656133343862643036633232
64613035646433616566623232376663653437366564616430396131323864303463323162383238
34666565323632393033653732373865306136373039303262356433613234316561316632666664
32623139303632303339373964643766303238326263353930663231666366333039363233393439
61663137383735366235623939336563653934626532373338303538393862323239313435353661
65633864326166363363386264353934346535326138393664643139366435616638343231383731
37316635356435393962316336616532666138333136376662633136383764383235326633303133
30306663376336383035313834343833356531353335663161383265366466326539356431363664
35333834636430616537623362333239623038373532353962623261323633326635656137393335
31363131623235623761633738663936323532656332613663316564383162316464333330383266
63373834633563333565313936326561653063653731613338303461333430373535633136636566
62643763616230373065373531636432316236623637366565363438373163383662303266326437
65363566653135323562666665306132366638663232633062636438306231363261383365616461
34383832333363373839613238653331353138386562666335616138346461333165303661333063
63633166303361333266353735646436636438663365626233333935613630316162373466313262
39323333636534363238356664316163613139643539646563663663353637373036356264346432
66396530353564643638373634656431386432643035376236616461623939366364383930303532
32626437653037333065333961353663313466656535336463666234373738643763316164376130
36353665306562306166636538633233353564636161613335353831313238613334376261646232
30333032646535346332646234643139356166333335663562373462353465326538346437393834
36323031633938646262373232663665323465323836666534366632333438333735313738303536
30386638383062303065356463666538303133623364626662306136306136646432636463643764
30653766326635343033353330363766396339333266303837363739356233626463613761653461
33313438336333616239653332623733363332373332656439306665316162346162646363373064
34333837623336376439396365623163306562333466313735633866623432343632393431383666
61656361363637633266666565656638366639393330646534363330396336626538323865336232
30393732333931353662643861353461393666393735353830623133323331343932313033306661
32323534666234373762366633313636636239313564356161323762313033663964623164306637
61393363613161316433653938356132633138336562633862303661313562363666353131396630
39303738633637616362343837313364636239336565646639313663393966363132386663343735
30393130333963303436366232636132323838323334393935643235373439656635356238336437
37633561613463316262333563623563393466363939663237383361313234326366323239633136
63363965653033373130623338623934616635333836386530643338663532653433396165616336
63386433663065326130316537656261353238643431316366353061316134323534393362373938
65623538333839626634356561616134346433633430626239333730333566616661373139633639
34663439303334346530363466326163303362613136336664303835313831343132616530323534
38326534343234353831353462316566643633373262363062363034336464373965353336383638
35323361363237623032343633643833353634663238623234333633343237363536326137613331
61363733383963333266346336356663326330356364626535366362613433623733643530336466
65313233323366303333393837343433656639616335333564323930323737663465313031326439
39303163363037366165643436666138333538653433646464333466663930613839623033633865
65373939666136363066623761623437663364333862396265613134303237633439303135653939
65396239383065623332303865306666303235333161623362316633633834306365366435333338
64373861336338373363336135633335316166346163306638623264316431613638316262373735
36376237313564643561346331363538623565316232316561376465333939663335613566366330
66346637663838383735376565383866646566616362333133626365616539316437393430373861
31386161343263316664616562393331383563363566373064343434396232373933323436636335
65396531623236636534613566323065376132366562646435656562623663666361623964376531
37663232633265353630633838653662636439376132363736356133336535653535303763623132
61656632623235326434373465336365626633653066326563613263383766363365373432633330
38393162373062373139346334393064346365353762653031396337336238633664396433386533
31653130656631633764623938363638333564366661393263353337396466393964343766353339
66396662346563383838383662376131356266343361376630653763633433663436663236643366
32333564386633366362343664383633343863373136653739613237663064643938313830613563
65633665333038333939333630366361393632343232313438656635616430396333323930393232
30366634613863656136326464396462613939623838666631323234373635303164326633633862
30306364663635623562316637663763646530383638323764306532623233363230646461303238
63313836366538313861393339306338323661616465313033396363643961613966663330376635
61313834306334343661633839386664333866396234613231336362376461613033316136383233
62653839313036656538336666323939623939303563313563306265613365366163313331323565
62363338376235373136616366613662643232316462373566613038396330343666636362353634
30656532386638326561646663626338383038386231373666646464656138646336623163666530
34333463323331356230326638663732623332636561663533636439313865646437353335386431
66353466626662336461633030376130613364636337366633333563653532623966373230336365
62343436323666396138623832623335363838393839353933613237653363333536383238303464
32613363383339373438393233666664646537613566353430323935613062643963643735323235
61343131646361376137656165303432653266613236653931386333633436666631666531656561
30646536343363373837643634636537323533613130323939633337376531393235666138383664
33623166613733373937313436613961356462336666376562633436386131656465653631666439
63366637653537613563386138353366623738326631383166343161313433353161656162316363
61396466633264636663366133613337326537363566343836663833633532373566623062343366
30353332393136316663303538326231343033646630393735393337393161636565613461663562
35646431373664373762643737326537636264393066663836633338646466643362393339616333
33356537633666303530656264653933386538386264323734623835353463343231303662356266
62396565643130643664396436646462336362363638646133363930323538616134313936386233
64633930356235656536353262666162326439636331393565333033383736343536303733373634
30363232636366663739393733303430383632303530333939313737313932626666396235663363
35396662336231613932373637636161613035383237333066373565623539316236373862343032
32633831356534626463353061333964623933313366316366663031306361363535613661366532
37666166643137666235646234386266343462623633653736353830363232643132366433363864
63313061323235613962306263363364313633383636393333643962396133303733656532353630
39383433393365376465383435396632313366303861396634643638383430313536646238386363
30656232366464353732616362643763666661353238376236383835623536323866663636333535
61663761343735393263323739346135366132326133383039643936653430626130336239663338
33303732636134373465396262336132393463323866313238323633376634343336643266333435
62356338646161396131663665326566316166323030393735616663646265363362393032666531
35336432343234313062656637316337666166653465646661663230343862663338303463306638
31346662616566323732326339386233313161633566346162623366353936373338656631613265
33386431353135626662393035396632653239373861323864326436376439333531613066376332
66303732316364326532386465306661396461623337343839616465373563396365343238326361
33646333336630646333656130646537363863666561666537623536363666353733336465376461
62326533646332656330316265326165376364366335616561343634303933343561643166336462
35613262616463646136303730323837353331663830396235353065333863333631303538363464
39346631376162313763663133396361333666353638663631313239656438643036616336366135
34623832656161666630666363393261366134646530333864656161656432383165393730623231
38303431346163356165656137316432356136396530653737343165396130633461393266353162
36633064666661313836373539636136623636346361326134346234323531383330326330393135
63646437396662373735316338373039643438396561333166313735313531393836623563653963
31333566396538623366633531396266623231376532313532633331383365623233633037643330
62616531633330313837313634616661393238353062626539633233666366386635663463366666
31646565626430373663343266393562646262636133346138646639356332663364383734323339
30303534323963353730336464383533663032326434616331343634316633393666333334353937
37646439346530666265363563333031613363646139323934666163306337343838646131306666
38313438313261626264363761636562336233633339386563656134313736666266303832316661
36643538316561336162376563623062383438346230343430313137343730303631656136613864
63386432326134343431323137383866326330636562393935393739613539383863366339653032
36653438386333343539373366633363633930376637613765386538613164666435363839383162
65313862343135376231626232643936643133656131323363653037666562626464626665353432
62623064333563346436303965393439653165363731623563373231636439326633653539386466
66303865316362313336353538393935613332626136306461353534396661353062666564623538
36653362653535666566636534363730313135623836613866363034386564393866623763323237
36636230383061313932666630393462616463646533643930303166316136623534613863663561
34316331623730383435303062623538316539613230336461396463643532363036363565333838
64336632323539313132363765303338353337386161643461613730363231626561366133653862
39376465306430323763386337366136663932633433393635643131333833303866393735383465
61323834613666313035313333373831393362643437643935633430636165386335383961343435
61323834616333393365663032396234666639323831353463343633323166383136343665316532
31376438313136356366373336626233333461306161626334316230636333613737323237386562
62363665353634666264643564373730333466623130646365343734666564313363613035373337
30313433383430613837623434313635363765393538363833666133363637336630646162663138
34376431663139666463616230643033613732323337363764316234393333363431643261303461
62333062353434656537363934343130323938613862653735376537666534653130306235366136
61346130386465376530656663333938316361326562316163653964326334393166373262653566
32643266346366353734396330356665336435393962383032653936643035636363386665653735
61383534356363363266333465643438323636326262643130333363346664323234623133613534
30323164303938356132303336336661303338616337313932376661373239663939366465646336
63396530666361653236636631373232383933623764393564353832343035306133306636386338
34646334383131663830376235363864616336653236643064363139386364666637653536653030
31303365363039343632666133333330383837323931343763393737303562343030626632333863
66386137646166623736616236366666366638313031633962616333366432336164663934663561
33613430663531326138363634316334316633386162303366333538336535323031306165666161
39353231373462323935613837343835383761313633323531396362653862396162306232386334
33653466353265343365663236313534366638306338353134373166666666623464623339636538
63643831303839306131306131623766396665346264333564613039343532313235366230323061
35313633303663626630613961613435326363623836643866633936336634653665656230646361
37626637376632666433623336383263636536333639373763376439353563313765633063343666
62343939366161336535636431396565393965363964376335396565616635643437346365303135
32323862343662363631386435653464303238633866633536326435613861363363643931373730
33393465626464646262356331613665613231653831666663643635343933356165633532656462
34666635393936633835623531366466656332643237356363666332323166313734373563313636
34393233373533343665363261323862363163396462663537383932353737643736393530393265
36643436373137653166356635373037313938633936376133336236396135303833346137616635
34336331636131366531393430643862366466306561613234666165643935326534323636376361
37386633333833626437663330663962353130333533633764353938643366376365376236646430
30313264313933363331666462356234373964303833656166326161393637313863663639653831
39353362343261633365316163313763366333646561616239363139653932353839643636346561
66633664323663613839656632373565363133383331633939326261336534366131333332633037
62386162363837623666336138313638626563633038323034356366633139343030323539356565
61313635333366376231303337353663333336663436316532303730373931616163646165646437
33313366393230353434633532346634363037313266313335333932323862303033353531383065
62343465616631353265393337363037333565313964323039343135306434366566356532383534
32333832663933383031663035366230346534376261653339636631326438373065333761386437
63643237383333363836623532303235633035643234626337303861343762323337386234613665
39633261346264326339613164643737343539333636326432356138613938303039383262336161
32623364653961613664656330323830633930333464303533366437346538323932366463363864
31303639396231366462633632353735326537623130663231383133656265363664623036353031
31643165643163656163626132633066396163643366363938653561663464306665623035663362
39396338373036383537623733393237613066636165623163373730363761623434373634393639
35613337353464643735643161626661613230666662363062393161633634653839356165323561
38306234353033326430356161666639346230323334316236366234363062396638666666303930
36316139653637653034613862663565396136653036383938326535376638663232343465396234
63323532373439366630316161333032613932653466386339316665353061363933323531343636
36646134346363646162656563656163333465363330363165396637353263303038363861633662
32646638393933383063363865363135643235623835653830306638316437313864643530393937
34663539363230373962303766656534363236656236663836386465656365346366646264346363
36656438363761646634313863333564366635353130336231636464303764366336393838663861
31623533643535633339306366323233336461393239303834333436336332336230353637613730
66313630313861626632363461643063373765333663333638353264386433646362666265666136
34653133396464353338333735303331306465646561656235386439616436333439356533643461
38386334613464666132316261303961303631343135663135373164323039353935646532336532
66616366303335363932636532643261633636313431353665643561383036323538633162346262
34623135383431366233393666323266616133656239616135623833663461323864343136316435
37613564626230383039346262626537616434393263383335643631363138343836343361653239
33303838306337376662623533653133633663653463656162643635323933623636366265666636
39376532316162623331313466626263666536326132386132353161333830643732333237363861
62346638356336346138393631653666653336393136633262313762633832636461303636336261
37636330643631356237663263373366373665646432653164313036666633383432666431326431
37386362326537306338326634393237373833356139343935343430613030343966326134383661
36333863323936646661343336373562616365663062376638616333313633323531626361623237
62666666666664313035353833316638616437626237386165623535336331336434393434336565
64306564393133613139626435333030303830653238346136663331373265363761333239393365
33666566333133353634363164353138653866326630353266326330323863636632353635383335
37306562643862633230333534333064616138346663636634373231393938646261336332626664
32306439643934316638653533373935663239326433613366636438663437323035356461383033
65353736643435316435303662373334623764626435363464633166326631303831386635326361
37663666636235333765356435333563363635343230383034326534333635326634313734666338
64313565313035353366363166346533323539303539386266333438666364393130363332663433
36636637633134666330333036633961343530346631646136363837333361636336376336343531
36623534346538613234666631616264356531313261356438323365366465353337666230326637
33663464343862616638353663316637333934333866636163663261346163656264383463333161
63313365386632373766306138396662346262666364366236363734616334303832323338356165
34653632343735653033363663613232626537393439616130386237323639393031356530626138
65306462663631613839353263396537656662356332646535366238646133386638343465663033
39303066306631363532336639653237383266636561616536353263396665393365333634353137
30316339613730653238383930613637623630666537613234653233383632366433656261303733
34653065623837646663393161613161333538346536663635386533303366303736343662303861
31653039626361326430633365363037626233376434313630343834616565663436383435303133
38663733613966613430393333643135636665613130633433633230303731616437616539316634
66386465306165636235663137343539613162633736356465336239656132383939616138656239
34633535653739643665646638313033373432613331386564613236663765383036616637303630
63613436323031363862656562326665643336653263396330393930303334363436313835393864
61353732316561623431383439613332323636633033396239353664303933396263333533396437
61383132626631373336613732373130366334303537326232306639373939376334363163653535
30323632333537323331313763343062393966346461323465643431363264656266656261333237
66356162393039333633373137393731363232353037643263626231643436303361386233323863
34313836336261373936646666656461323738633263626533303732346166656437613530656438
35636230343365663335326132393863646236356663633462393936613863633335356534353632
64303265353162623761613137613665363066633463323437316333333031373861333936623432
34646366383737303361633231613530646139626635623165653938653134613236623034396563
33373039346361386537363163653964353063353965643932643832376432613666313331356535
65653532663165636661393332326361363137623536353139663537656632666364356634346630
30306235306232316265616131613635643830336635656661356366646538353866623538363133
66313731616261643135633666363237356635373837313534323032626565643531343735666666
32643939663430356561363966653437356238353339363933663930386164656137323732616565
61383137316565313164646166626238333663663634633763303264383435386636306235303932
37653033323935353137633230356532356663316462626438363734376233626133343730653532
39623531363462363736643562623731363565636137653632393338396638623333363535663964
61346338626131613933383736623764326631313935643136326131383466643937663131646633
39393466626535323263666666353765353364626532623136626433623339663034396635663139
62343038333631353664336534343539623266353932623961613333373262633430613137333964
38356137646432616536646234383666613361353438366632343163333339383337316630616238
31336562346636353761393738353439356163376466366163376136636662663366323930376565
38636137353939373136666339656561656566353130353537333134313632343737616530653065
62326439653562366239343232653635373363306638393930643531333535623431666133663535
65343262393235366337633130386532346365353932353864623235393465613337363537653338
38663435633034396439336163636435376633623138303535633562386632633035383164306666
33623562623739646635656566393638363563636439316633643937636631336564356362383264
61656537306637626335646437396238346235333862326632323364353037616531613438323030
30313665363439343631386266326630643138353939383533623365306238306238373662363231
66626162653865343733663234633536653738346439663238383835323434376664373330393934
63343565396565333964653333626361333661356638633736343365363864623034643334363337
31653466646430393561306265343262356635633631313262333735626265626338373837666131
61303462343637613235346564373265343732386338333839303739636330373431643665333137
33353936383136353835353536353964666638353438343030316236626164373938306134376339
38313866326365646137623239636637313633656139393564316635333039366539383030626636
32373931393131393939663161306238356462633032366239663036326132636338313537616232
61383061306164663334643930643038386663313664326366653936346136393639663665626637
65313136306231663438353531373834353461626139363939363639393962383737643932373033
35636365303730343636336464643238323539333030646665343338366263623565366530306634
35306634666566393361363439343666306664663636623631613561306162333764303933343966
30366339366663376331373737666536643331643436303130396134376365613032376562663932
61653535396534353234303666303565623766373863366139383539373133656266646234376434
35613466326463313735303863373965356136643566356536616334373536666366636230616464
31313633343461326336333261663534633232356463353366323431376335656434303931653566
33353261303262366236663366383333333838353031663032646664376663666663326438326234
34343862616364663762643861616665666564393363323933613333643535376339363830333436
36356463373365303632313933633131376337653639323536626134353363386434333934626566
34393262303837656366616266306464636465633564646366363066343966323863343130616430
65643433643562343134666530303133633833363564656562383735366332353939336465646238
32633430666237346164363032393461373237353738323063636336633939643837613733646531
31616139316632356336383234383934343564386634613131346339396333393938323636346439
38636231333137323130663761663735346231623235316562643334653239626431663830323131
38376537353237373133613733306564313736666130373638613337393664363865383039643363
65366432313933383538323866623730613838356535663966313639373631393030363735373034
33646439613963386561306537656133616665323836306539356563626364396430386338633663
36343866613335613737663235306132666135656361343033646562356530373965646535396433
37306439636431623030353865646238643637316362666139343536646233646530666332333532
31306465333264303164626566653930313330346165366136363563313235633330653030323036
63333861393038323566376638656535333131636136613537353862653733326466373835306665
33356637646230316437353131323230643437366438363538326361363038323935323864316534
62386562306531376139646161646466353530663630383133626337343536616531313232646364
33376361613561343533353030633730616437393139373333303131623532656663343333323634
32383033613238633063363835636131386630643933376132333962376636306136373338653137
30356339313831393931643964363462306136633830343063326134363330363066373135663632
36386461636438353732313562646464326162376231353662653865343065306361646338643762
37326238306562376330353033376330663063336562346339626431356165313738636430363533
64623338326632663433343839643730623435623837303566323034626332346363633635386231
37323261353664623534653630666333393338613734666337363634636531333936346131316461
62623065653331363663613732323534383435663363653533383834343530626164343332303033
61383036656562666539656634373166623735393334353263306563346261356233656264653439
32636331343363326661663939613239316164616634663231663263646233383937313737616236
36623662303938333461363161633635366330666634656130653163356635663433323035393930
32363336363061643533323631613036303533666562346265633531613137626538633566363965
61643166336532393735653838373535643937616665663132353363663266313762633430383566
35373866336563373437363861336564343261653663376131643836343538323232316636306436
33313039366561616261306465386633383562663766636231343135383638623033353465623932
64373536656666333064613463633930323335333564393865366161623834356261393965643531
61313961383364396663623536303231316439396562336333383934353663383532326539643535
65386231346530306561336637643435376631336337626131613463333436633630323430396633
36663361666663326162386365363131386339646337653834333535663634393134306466353030
65653565616336363765376333356130636136393934376265616333393636626666623630323935
38306537656461393463666136653433396163383232303239386465653362343839316135646438
34363538333665613936646635383931653337373638396361313661366463333762666635623137
32303130363735353063663264373536653037326231636466343265643334363135383739626466
34653639666231636338393162313737663934356234336233646535383165343164383831623364
30633862393435616139623364303734626438343361616139303931323032633232366239366431
37656436623237306633623837303665346263366135343966646265316161333163613364373134
38653035346231316466653133373331323639323661353236393037633930636466326531626239
38363338333335333266623465356166613334383165303562626561633735383431323237356462
39396463386138303831333032656562663265396466393132366364383261373538343232396364
32313966386430353132646536313138373836303636333565303132633633373664393236366366
61616538616362633535386433366665646262373461333931316463636563383562303038333138
33666534356436363132653064303333366133376566656462366239653761656461313035393839
36303664313864356261653836636330353939383763656136663765303532376436653766366162
64343933343663623138646136343337366163343231393330653331346133343138343738666634
30306561383363346330323331333135663365353766633361616366616333333937636131633837
30333834303536353266663766663732363436653131366533373761653334613636363862366432
30363534316661303638636532363966626337653230623132653639626666396635343038333232
373533306164306137306236636363616262
