$ANSIBLE_VAULT;1.1;AES256
35333265386232643066353032653532663636303831393231623862303062303162656364303536
6134646439313536336634656232353734373435366434660a616438383834623763346135313338
32333632303561313238383561303736613162653861633861623531306230353936313436666263
6361303366376263300a666533333762626563323164376436373363393561653863393363303736
36323562393730356435316332663765356662666236333138303136346364346638306262393631
63366331663863306337333133376164316264363138623030346562613366636263313034373838
63316631336639336562303734613662326262353537626338383663643463306332376462396265
30393235333262383862353838303261386231356234643065323032633433313539303330653463
34303461303461353336666262393433653532343266313933663263303430663831336638646139
39623931653436343831323435346432633434396234316230383435666135633665306434616535
63386637633762343437653939653365653435366130623937616430343131623732623934316666
31653939666162353561356434383737393636363436383331666161363561323264663737333366
38353834306139366234636137373632356532353530366334646334623739326333613733383239
32346333636337313434613434623635613563623163356433633139396535306539303962306239
64636335306331393864376366326132353937333666663961636366376233383933396365623463
33643130343231303831373934343465363736333134343032336537303639396534333464373131
38363233363438386263663162623639383033343736313532636666386566646564373538646136
64616264633865303261386662613331326531363166366230663264633934313630653037646337
39626262396538323634366635656234663538616466613138376639316163313366323038326435
66393030623130336537323763306332346233383033373035376337356539666134376536353039
66353062343163643030346562636161303931326138656565383238323061306234333930303562
65643564396337613861373930613861633864353036663265303962383361623666653735633435
39656162666531626663363166346466363736323434303838343963303138373736616139663762
32306430643730346230623061643862616365373530303139343566643237613465313832303431
63313035323763366532616166396332366439346139633431633736333864663861393431363134
34386131303863383537363132636132346163633565653231323739316338623434366433353930
61326465373430353866316433386562623764613364303734636264613163656432626262353938
34626366326235623462373537353561393935366266653232303963333334396438333432643238
35333965633839383433373334656539323938633166356330636366656337323236306339643562
65353966666638343034633663653866346436613137653935336366356266626165633566303434
36346636636161373534643831326361373434363065376333366338616462353266386137386334
33353830303631346136393834623362373332653633316537303237333830373162343633656132
37353563653938373030313765653436366432336131633364333765313236393933366462303831
38333164393130656164656638306135383262396333666331623366333539313437646234376162
35653165613761326634396462396134356439653239613639653335306439343236626232396133
32653834333930633537623663363632396436663164306563623534326161656262303763663365
39303735633465653362356264643938343031396433643064643937643335356362393462613661
66333937643662336234366265323062346163393964306162373561663863363333333262613138
66333934356161313864336230316565316235333434613561666334656235646230356338376435
34623562383632356366623739393962326336396532376432336439666435623663633865353266
39646163353865363264636365623538633238633235633438356332636566616364396665643461
66356562663230636430316562333030396234363461653435373263376239383366353462313733
37373234616533626131346235663365626365623731303466333966313161376461356130393165
38306532666533306235353036373963386366633635616164623266613931386466626338336238
30653865653064323661363662633131353335343762336562323137386262623963663235663137
63616266393436326364396261386265333632623939393937353462363563316164376230666564
62303630303465396365356136613537333262333261616235663464343061316637353964646265
39396436363666316633333262653137373962393430396433633431363261623662326631336336
33323238353030623265393934386631373361356161313962376561633964303561636265666235
65323734353438623536616339393330653436646431316531363630643534376336363236623730
65663565343537656332326332303764373534353035316334623033306262643339643963303736
61396430373865663230366334303730666234373534343239333236376164626532656335633833
32383137616137383733383733663936396537396666656162646666383038373531383963646134
34613032363561323835666236333766643564626132316634383133623438343835363632313838
30306336653639656366366636303833663764616534636463663830653636633661643366363331
36393033633663386638653434333535363332383931653666383230613034396132313630636631
32623232383430613466613632343537333733373461666431663663353835336535346135373463
64623138346333646131376635373138376437336538313134316636643531666565313661653730
62613534386534613764666332353261366634373430343539653461346639336135636466633834
31636361653430646363366238373034323462653032343066333437366239333438626337353930
34383962393466313936633731383233633233373464363262663039666430343734363038366635
65333135613733646633326134346633666563356366343137393063643063316634653139633666
34613630656666653439393438633635383863323233303063663933343431393963613564663237
34333037386138356361346235396661633831366531636335336664663139363538663935316438
33393739386235323033326538316564663761396163353332386330353465343636333532353837
62373237303732306565663663323165306161306634633031306330306464326162376233633166
64643464356630666639623031646434336437656434343534343932373034646364663466663365
63316431666339356164613261613737303966343834646432616232666536366466386530653939
33343739623062636230313539613030363065373737616132363630343035626334623062633564
66396339386238356330653535653066313465653835343833333532386564353931613432663138
65623634613034323463386265333062353139336664303036643732613563643366383561393031
38326635633830323032373432646164616336373363633234393461373262666231633338636439
36346236633634616263636230346534663232626533646664663037303130316234666666356131
63643763363237623639656439613063666161663130626437653466333339663965356165373838
62366162643438363765636565653761323861313336643832613565323438323537373237633030
62323934656334383137383935663661313064656339376565333437336436666561376435653138
63303232383530663564326533366364616134346530306661333536333662323533656234646535
30376632326565356236613861383236353561396339663765643430306463663561336233323134
65356137396338376663396163366231366137393339613165323064336363333739626634616638
32613137386237633037346530306534376364353962666366643931353666396230313262323335
34316238396334343036663663383465386465393630663363336530336538396237646565333533
65653462623833616639303861323739643666653335663635333436623737313762353964306662
64373265666164326264303535383830666436646262306136613836656366363731626533656531
31623337333566623961626135616331363463663166346534346133653131623332323665663635
31346163393134636437616465373461353336396632333861653532353362363161666430613262
64326336353234383534636335306162653061636637616234666464643534653965653733663535
33613266326633393038383562393734323430323266303630346436373730333238396335343436
31646264313536366639363935383066363538613332363966306635313739323337356635356565
38373135316637363036313765383638653164613531353138353465353136653031313061326266
31376566386438616666373237663661366561653434663933663530616136383137363631626464
65353530303534323030393032643037363830303263333039383963376338306430626564326266
34323361346437643732396537343833336563376364396461626238666334656537353430656462
64396665306263333731316132343966376533626263626363366664643361663335386637363033
35643239313432643061353131313838336233343430643033393362623332396638653235656536
37366337356561633266333565653039323132643438366262306236306562363862666666323938
34353361316530316536373935313633636236653037626438313962323062346565316234353461
36366532303937363939623163616137323236373463333262623862363035623263376364336535
64303763356635336631393931363632663561656131613731303864656265383166306663643861
66326333663832316564643031393537653938303331666165303534333266323862376163643964
37623063666663303939653762613735326337323939626436636462353835623962666438313039
35343637383065303234666236653464306362613064633061393732626539376264316135396164
30303336653934623238333331313061373061616330623864393331333132643439656166386262
61626534313663353364656463383134633965656136666130343532313931346432313533383130
34393136356332633330393438323034356364373234663861643635393764613130353737633330
35373561613663363131653537313439653931373235366465663239363237373438363661366632
34626539643561356462633339336163633132383735376331663563356166643766353634336464
66636233656439396363653637383965356365663534626139663834643662666166333536653133
30336535623237313364633464383265353635353732613739633765626333346335636663393638
39346638653363383535366565393664633834613830663934663664613431326362346464396137
63636234333731383235303734313462353866653537343231353262333836373766353134346536
34303862373731646563366131643932613734643664373633643866633234393565626533316234
61363437626663633334353132393564373765613761636533323035363735323330633634363331
64663662643362313761386432663633336538653537616338343165393235306463666534396164
37636539613330373930336533643134643839313731336533383864313365323663613666653539
62626433333163666535323435656562316134613033646361323031633834633263376231636161
38373565353933313830633664623661336438366139303032643564613330646635366366623232
35333235613965363562326561353533663433303537313534356166643766623634346139613035
62643961636133643736613962356435636436613536346630386433306466633133333032326538
63343735613632313862353666663937626535633533356436663164613766663536333065386138
39363132343539396234303931656132626564616439343030386436653561313033626130613238
36336464333537643539396130303633656635646464643661633662373066346334366334623431
30656633303739383631356430356333356230656665323463393234666136353630613137353166
33343239666637626665343936363734333830343332383637313362393763626566316431316639
30343238303862626562383837666536323232353536643136366631346561336633643161626534
30656265396133336264306432353933373361376433366535336331303635306566396361363233
64303964623737303334343031663166373635343135323536616264343133306464343665666535
38323231613962626262393732386664643634663563376164633339653535333565633764306338
38643234633464666365353737663662643361326166376535316135653234626333656634333934
39616135376164383462653236633734386339303034623531303166303736353234653866393633
31323964343338626135393834303531363561306662636339303739666664343130353233663235
64633536393861653438366461343833653131323565653064643437316539316438353930613064
36626233653964626266363964346630663536373364633234373962643637663833396633656239
36316637663535373834333131363039636562623765323161356533613030356362376565323766
39653165316630666662356366626638383533633631373936383535656234646162653461663934
39313161313832336437626436343839643538316662633933303138643836306433306362336134
38316230623866623962376538393262313866313865653434343766623336363537386262646231
33643537653930343937356239386265366363323566353062356534316634376466646639343837
37643435666530373264396331363139633266363534383233336436626665396636366138623762
32383834346238653332656564313632366263313138613233393035616563376331633432643062
30383136663565636263666163613163663465346238643837613530663838383138313761616139
36373566613930653363353933653931346538373837353532383733376532323531323538336633
33356665396465643834343336356534616232653339373830633239343237306135356638323937
37653630653734376238613439306262653862373563626431383365333938613962623762653462
36663862653666343663386365623330636539636362643238666333663861663763376139646533
62326663356166663633353335373135316136636534383036386562666438303433643634636134
63363762306633623839646639623938636434336539396432326637343462656538303364333237
64313032656230643734346362383864643830663630396661356264623437656537333135646563
63626566333832636434343031356338663132326237646131373434363164643339623839346133
37323533353965666435326534336339373935613439333463613338326664393166356363356465
64346564313035633833336563663266386131356135663964313931333063313533363336383338
66306137636134646663343534373239306237353634303037363338353962303465346634386531
38353233316634396631396137626537376566356638393563393437636336633433353336646636
64616435306639626539653331373635386461353934626161353264323063323636373763356263
32623864623136316337623461393538626535393833313637343631363836383265316436353165
62663231623930303636313534333331353030643138346532333066313434613034613038323735
66343035323964343230353730356564316230613238343666313763396463663636653031616666
39356433316331363533323831663537313339386165613761333361626465346532306635373038
34363166616132626663616133373739326464313836666535356662323163346330623534613162
62626333663230373636303434343731323162656666366630623663346231343264303635346339
35303132336436326263366563623530323434636536366130366365386532353636313530373961
62383533363364323433366464653366363363663462653831653864343964396161336461336665
65373464633066613331633830623638613062343364626434326432353734373466626661613132
33393035393335653731396132666432623237326333303964386139323437343133313362393863
30376538356435623830656332313064313531313034336630326634343861393032663332616363
64666637326635313666376538646231353266306539633137326233626238363730613861393130
33613938353934396263643766343964616566336264613532336430363934303564333764353034
65643535353530393664653461643136306136303131346232373131623363326538656535643238
32653736393164303464623962613666323564623336386438336361396664643263383264613037
30626465643439653666356238636461363266343064653536383532313766666334316664393061
34346236393164316664326534386234303765333333393862613363666537633331343234363935
66316434643438663234343137353638636633363133353866343631313365333262306236643437
64376537383561323334323163353463313731646363653835346461393332333936656430386232
63656337353337303930326231653734643537646530353636623766623064343530613031343830
62313661666337333036333534316139383531623830306632653230313636313532383835393737
37333830623561633561653733353639336333643065373532666138383038343231643865373265
33313337656231326563313039646163363639366662303364633732363637613935396337356263
37313038656635303262613339666665633737303037363535323534646630363365646535646632
30366263626437613335633361336463363232376164313539616365303234613162626236313139
31373432383531343335393832303833333431623336626336343231383737373835376538383135
63613565623161663263633266313666356638386166663930613631623738653163613839343066
37313262396238633864313162336462333466356461643331373362616137393561336131373539
31373133313261333333623233616437336362313631386665356136303762383162313863326337
32653266636662373439396134323564366564613461333764323231646262613534643931393636
64353334333935646231643563666466373832313363616536336566656531666130636462356431
35666434343838313032343031396635633433303561616364346635653632363539366433356666
65363864656332313663303033336536393431323166653563396231366134643863636538323963
36393830333865643632666235366133346363643266396138353839373634303439626637306562
39366238616164356335343864376238343338336633363638636663653338393265353338356535
61393139653130616462666534376338366564663931336138666561326562346430346435353430
38316338363361356134333163643932666463633665633239643039633733333834386139633364
39393161363230353665343439306136373365366233643038303336306132306535346637643536
30336233633637343032333665393935623462366264303564323866356630343063323232326532
31373061386532336464353239353836666364623266363065313837666166656261393061353335
64383434633234623737396339386430623138643532363438356466363638386537666234393763
36323239346565643531643532623864396434333965383966386337313534336562346430303865
38343766626461333661393566346566393435373333376238666665663334393538393334363038
30343438646663396562653364663930653937393235393563333937333937316434313737396531
34613435303966303161376264353733396532306435313833653435373162613436376566333033
35663133396533303462626337663638653463383633613834303535336330363439633736323762
38363462383836646264616163633134373534316335363432313932393837643266633364323761
61356238313131623330343233363934363030646435396662326334373337396664636663373836
64393463316636326439383461646431353864343065373437623739383866383433306332623430
31373831383437636634363032643361326561303135383036303137383535613037353864333538
62646264326530346537623132333834393132303433626136386264666135653033316333623464
34343131313463366436316663353938316535396662386332366139353936616233313637353130
33623965333835623164633461316135303931386233623464386434393438373735366633356566
34623539656261326165613465653335353663343337653264643335343437623464623164373165
62373039363839303434613537386666643661393061393064616563336235646530333864633639
65653865396563653361383036373439393032653538393639363862653136373237393036663539
32303734396564323432303633313330343639376334623539306461643466613234363863623534
33326134633639643536343437373230626562643238623634626332373465616136653265353338
37336662373362646564643064383864306564353930373831323165653038393332653937363063
65643330396435363466643934376638316436303165373465663832333635353064613932356538
37356236393261633637333763383339343437643534616262373130636264336136333265376634
62393665323565663161303930363939643066643333653737386366333465646636646263323435
35343137386533353733393062313737363531643963386562646430626339626433653562336630
63656438373833386564666531633433646535646466626433306630383332353539313836613335
34616632656235663732313363653463303565303730623066666633613930616234333331613637
34323536333935633538323661313434636439333565353033353664353263323333613466313135
32316231313764633562386362643361326136396132356236346266356133643861633336616631
65623236333531643034613830303739306434383063323164383762326563346364643133306335
30396163343231363635363032386330313137643165383562653031393931646139653838363438
37633230303864303962333330663134336166346463323330636664643366336434316362336463
66653336353134363130366533656566643833663232333832386130386538306533343466666462
38343062663437623538346161613062633137356233383731623035623338343436656531353164
38656164666434636662363733353136623561333532333939386566306661313336623731343862
33356133336366643937326261343436393337623139646139636162646433663766393264626332
65393431353836356561623830373434346631396230643563373066623161363131323964663937
62336536313666303738323166636335353133356337633431623764383234386562306263613165
31323634386337363237393563323034396465366166366165396432396135343462623538373364
65656237626362636138356365313036313763663735643465333731653465666463636539613665
61613861353061623565316335393733373338643635383836386363636661353466326130306665
38636566373637313262656531383537626466626333373435616136633635613261653164623737
64343634616461393464666339306532616634666563616536356663623237663966316564393937
36303837393230663535316664353737616632306239386664336639343333626633656230316234
66333264613632623563323934626134643038303963663439343732633338383134643665363434
34656238316664306634343934326536386533356530366533646337313838363465343737343336
32623535383535383037643461333364616338326566653236303735646536303732636634623532
36356534316331636466326136393231323533393164663762346161316436666535326462356564
37363831663834383962623666383530643762616133666138346163383561633433306435393664
39306232633331656438653234613137353435646264393239653931353934663533663764343062
37663035356336633732373636393266386536366338376438303135336264656637613730346430
31623265346432646431613961623864613538373234316638386233376539643936396434313233
33653637396430336532306435633961383962306337383135613837366465383235623863633331
61373062623130636231343864326532643765643866633664356538333439666165356336386432
65316135353261663938373333306536383731616439383035343030663636666666646664366365
36636537373339396634383837323939666439313034313130643262386161626236363133656233
37663738633065303730653134363439633461633664313931313936636339333166623665386262
34356130323832313164303339636634316331333165323430643136386464323832383834303033
38353065613639336233306630396233323938336364396539333132653839623563333564633561
37616138353062333661653239646238333961326136633865626637393835346330333836663362
31323339636533363539316238313766636534656434363536356235623036353737646434643232
31326231363434653637316430303531313436343930643433656532396136333134353464363737
65623233356230396235396361653964313630656335633338386362656339393330383063396230
37353830363036363634333566663135343434383564316632623734626665323134346362393139
31643230383934643235316361333339323063313033656632633731303161353535366461623638
33303261643963643365366131366433363562343638366164346662336434663436653737626539
30393266623733386338353432663238323061386335356330346163333936343832663638303231
65316439373361316437363661366436333262633065643566646439626331623563393937663236
30666363376639646639386131346532323033396631616330366133663339343033323666373330
33303338316337336435333637643939303762393131336131313966633439346664333437666434
33616164313666623863316163633639326135326363346666323439383433623631383936383637
35366431313431353265343864393333646535663063636537633539343436613438313239373035
31333935666533326565623931306231336237393366666237373964663232653164313032613136
35396433326363643833633766313139643732313534373963306236393236346238343731343137
35623931363765643932306663323433656431653931306333326637393462346264343237626330
62613665316562393236653031373733373332343363303066643135646439613439303538323639
61356334343535323436306461313332663933666162313139333737396364636637303732656364
62633761663862363666626162333663363165626331376264363638653338616261663838323337
30613331653735336563366230646436396561303833353965623630636261363561383832663137
64623938646163333962333339656333393631383061393439343131646666666539323462633466
32633061643637313935323739393330386365653834613039363463623161626234326463336632
30653133323134633136356131353834653538336639623037636365646633373863616261313838
37363635323464333037653438316536613964396561396265313032373936363738633163363964
32313363346135363465393135633537306133623561363933666164663130313036623136396239
61313331396637656333636134336439613634356132383932323261376365663762383063313431
61663563653233316466316333383835663730666433353038393136616237313465613334366634
38333764396634316631303331623237366530636661386632363834653235353439646566666666
64366632333461646530376639306439616638313637306132653035346665663530313365366637
37353731653761353365393935393039616539356664363835366666613634646161363364336138
37376262393338636632356339623463313738316562626438363233666539646139666133316131
37636266626463623330613864626637613736316534626337613865313733643266646230343138
37643736303763306663613465633939653236346362326265363835323361383365396134306338
38636137393464303932343033623332383764396632353631353766626564343130643934373938
35356530316339626537623930316230653062343230396562623461303264636439373163613338
64326466616436316161626139653833323937623562343735383361646631666634373136303732
30366366613164646161663962316438616665383931303130666635343030346566623263393362
64363036336530356633346438633663623165663261313733346637306663383730653361663233
66666331376531666338346263666136323031626632633965643164323038313838663333373537
33333139306137356265633365616431616566336263336366383839386632363131393364666231
38623437656337356465636433656565666435643437626430376165663337303162356661646438
39343164663362356338663965306262363739316537646635633439343661343130336537386637
36616632313765393632643332393139656135636165663830303730663265663936626136623762
65303731303237626365393064343136316233376437666663306265306363373630643234626566
65383631626333386263346361326536336532636133303063653362386237333930393031313132
37626162666236316139643336326334626532373535303831653464636530623435336533633533
61613862373533343065303239626631376232663239613738323666623434383462656530613964
31623066363738313665383635376165613336343766336532396131646537616530343061666533
35646166393331376164646636333930616332613061346634653263633337396338633932643230
65623564343833613534373030653232333566393639656438373362353334666363303731613139
64626262333131643430363966396365396463643839386536323331396132623961393937666139
35326439623866366366306633353732643135663231623937323163396164363732623762383836
65656366316561666165323036656433353130383730373030613763313934363133363865396161
65373334313865323431383363633363366430616465343532633234353166323665333664313234
65343162396137343236333433343538363064333130653862613164653631643764306235336134
32326534616165663339643664323362326163383433316563323139396131316135346364633366
38653739383130623938376635393864623939303832393861376333646432623335623734353464
38386230363466623136383935373463333066373634333739663939623137666263306539396339
31346562633461313134393932363134363839663161343561353030346135653338373630376162
66393665643365396232356661663935313330323563653733306162333635353736323564613164
36383866326639353363363731336164613933393663623661333834666535383139346462643731
32356461383230336333663763393136366364663431653536353965656533643735653863353863
33303830383362626661623130333434306535633064666462353132346435396134633563333639
37306262363962643264656663366631353766646466646434313139343966393831616530386235
37353163613732363430303165373934393136646235393839613465636662633338383034613331
30353961633066653232363639656362363461373963373737653964623838366564366262323839
30323735353936373035383661323366663033316162636130326265653230336263393764363337
38626331313938373965336533386631323637303339326539663562366533636436633831623637
37633361303362346335346662316633323731626538666435313763343462643836373564323363
36663165626435313338303462666438386338313535373538346365333537616131376261303365
64373365396338306533393730333837633466323065623533366335356133613937313737313464
61643964303436666637353939643264613266346161383833303434316636613934343230393737
33353932313365343965323361666662306633306566363362356234623363316331313466396663
30333335303365363265653534353032353435323931356130336362653430383762633436326237
38366534633361356662376330353434613961633765386235643465643638653439383935316563
65303533363763653766656264633136666336373332623333316664393863626638373064393762
333935333639653161633164663235393664
